Number of reaches
3
Reach midpoint distance downstream, m
2813.4808 8243.5233 13476.8707 
Reach lengths, m
5626.9616 5233.1234 5233.5714 
Number of overpasses
22
Time, days
2.000000 3.000000 4.000000 5.000000 6.000000 7.000000 8.000000 9.000000 10.000000 11.000000 12.000000 13.000000 14.000000 15.000000 16.000000 17.000000 18.000000 19.000000 20.000000 21.000000 22.000000 23.000000 
Height, meters
14.6635 15.4641 17.0498 17.5268 17.1784 15.9672 16.5413 17.6171 17.7926 17.8236 17.0768 17.8606 18.5278 18.7883 18.8683 18.1939 17.2081 17.5956 17.7022 17.2916 15.9714 15.7394 
14.3094 14.8961 16.4418 16.8017 16.6936 15.4107 15.9896 17.0010 17.1321 17.0153 16.4537 17.2023 17.8610 18.0607 18.1264 17.4744 16.5027 16.8564 17.1279 16.7232 15.4550 15.2003 
13.8843 14.4579 15.8890 16.3296 16.1309 15.0953 15.3991 16.4251 16.5565 16.4944 16.0100 16.5934 17.1162 17.3048 17.3484 16.9098 16.0653 16.3761 16.5493 16.2655 15.2096 14.8097 
Height at baseflow, m
14.6635 14.3094 13.8843 
Slope, cm/km
8.58703418 9.40663654 10.19889636 11.29136202 10.30899487 7.62669496 10.37374957 11.05668790 10.81572094 9.79363143 9.52946765 12.57111808 13.38020597 11.44074002 11.54371082 11.15020434 9.12217644 10.77281874 11.36880006 9.86443870 7.82042121 8.84930222 
7.69633596 9.88254615 11.53858992 11.45698549 10.64431740 8.21601964 8.96897198 11.88978811 13.12998217 11.71273733 10.31199200 12.61382962 14.05617012 14.45161004 14.28535747 12.19856780 9.52144708 11.94094549 12.32498445 10.57057865 5.98281213 9.16750206 
6.22551802 9.16149441 10.60423411 12.09035628 9.96705388 6.85747622 9.95666690 11.57487433 12.48480704 11.38093797 9.12854285 11.95441104 14.42386637 14.76321530 14.71015089 11.63398242 8.95476106 11.56033535 11.57240224 11.10713591 7.26843107 8.19616850 
Width, m
102.3726 103.0904 107.6396 113.8876 109.8243 105.3270 106.0550 116.6128 120.6512 116.0747 110.1961 120.3812 142.0055 155.3299 159.9108 127.7034 108.7585 116.8242 119.2416 113.5716 106.3065 104.9418 
94.9115 96.0794 101.0497 104.6572 104.7720 98.6675 100.8025 104.1728 107.6876 105.1368 102.9791 106.1034 113.8132 120.5763 124.3692 107.8358 103.7394 104.2982 106.8476 102.5623 100.4855 98.1670 
103.1288 108.6990 121.0829 125.8606 125.5980 117.0191 118.5527 127.1234 131.3021 131.6431 122.5095 131.7267 151.0695 161.2519 166.0828 146.1407 125.1446 126.3391 132.6933 125.2447 119.2204 113.6319 
Standard deviation on slope cm/km 
0.7500 
Standard deviation on height cm 
5.0000 
Standard deviation on width m 
1.0000 
Standard deviation on dA m 
6.0000 
