A0 [m2]
527.1871 533.7314 551.0785 
qtrue, [m2/s]
0
ntrue [-]
0.0342 0.0348 0.0340 
Qtrue [m3/s]
392.67 556.09 826.15 899.51 825.97 545.86 703.46 929.39 999.43 953.05 762.86 1007.58 1169.77 1224.28 1226.76 1034.43 800.63 925.46 973.26 844.55 541.36 558.43 
394.12 546.52 818.35 899.56 831.33 551.52 693.90 927.05 998.33 956.01 766.69 1001.91 1166.13 1222.41 1228.27 1045.88 802.77 923.43 973.50 850.99 549.40 554.48 
395.94 539.71 812.72 899.55 834.57 556.17 687.28 925.41 997.55 957.89 769.80 998.25 1163.63 1221.21 1229.06 1052.98 804.52 922.11 973.59 855.06 555.45 552.09 
dA, m2
0.0000 84.4197 251.1710 297.9815 270.6055 130.5343 186.3718 308.2368 343.2988 327.5555 244.1090 342.1983 429.6991 469.5401 478.3533 383.6962 260.4555 309.3106 333.4159 281.9001 133.3354 105.9130 
0.0000 65.7707 214.9947 257.5726 237.3719 121.6710 159.5980 264.6898 293.4441 282.7881 216.7297 291.1579 356.9335 387.2302 395.2846 330.7033 229.8158 266.5992 286.3654 247.5030 125.5546 91.0091 
0.0000 60.2813 224.0001 272.4542 254.6029 137.6954 166.3088 278.1439 309.1573 300.5320 235.6487 304.9779 379.7405 417.4585 428.8611 360.4897 248.5999 281.7963 302.8361 266.1573 143.4264 94.3156 
