Number of reaches
7
Reach midpoint distance downstream, m
2216.5010 7246.4828 12676.5253 17909.8727 23140.4968 28367.4983 33597.2628 
Reach lengths, m
4433.0021 5626.9616 5233.1234 5233.5714 5227.6766 5226.3264 5233.2026 
Number of overpasses
10
Time, days
2.000000 3.000000 4.000000 5.000000 6.000000 7.000000 8.000000 9.000000 10.000000 11.000000 
Height, meters
15.1618 16.0712 17.6745 18.1741 17.7701 16.3804 17.1016 18.1829 18.5415 18.3410 
14.7466 15.5250 17.0682 17.4532 17.2938 15.9535 16.4587 17.5403 17.9637 17.7351 
14.2993 14.9327 16.4010 16.8272 16.5908 15.4665 15.8769 16.9259 17.2527 17.0762 
13.9290 14.4914 16.0123 16.2281 16.1261 15.1783 15.4434 16.2714 16.5524 16.4946 
13.5558 14.0704 15.4682 15.8227 15.7327 14.8856 15.1061 15.8182 16.1374 15.9908 
13.2653 13.7930 15.1187 15.4821 15.4710 14.5482 14.7467 15.5400 15.7616 15.7055 
13.0983 13.4982 14.6736 15.0683 15.0140 14.3470 14.3518 14.9547 15.1564 15.1692 
Height at baseflow, m
15.1618 14.7466 14.2993 13.9290 13.5558 13.2653 13.0983 
Slope, cm/km
9.80234616 11.53094183 11.81963969 11.51428635 10.86131808 9.72385022 11.39716964 11.95690086 11.92399301 11.61780284 
7.92305571 10.68822354 11.42471872 11.55355871 10.06914134 8.63687007 10.23268720 11.13312761 12.22848144 10.96391345 
6.82084359 10.51366923 10.97967140 11.71761135 9.91098978 6.73338292 9.58904411 11.17087596 12.16191339 11.62587816 
7.09203257 8.85651417 11.42717232 11.06576079 10.82622931 7.05003780 9.68076795 10.97717517 12.18173249 11.37256938 
5.59411268 6.09910097 5.58834179 4.07943286 5.70297088 4.11763420 5.24292943 5.45730438 5.10965235 5.56046595 
4.74529778 5.87826258 7.18462558 9.09860354 7.64542465 6.04664543 6.66893442 9.60317533 9.29751811 10.54227387 
4.39173587 5.64835869 8.39437146 9.48813766 9.38115570 5.02164576 5.74815410 9.52545940 11.24169973 10.92143407 
Width, m
101.0757 84.2709 103.3137 106.9286 105.7168 105.6254 96.2735 113.2576 123.1310 114.9107 
106.5083 98.0955 105.7133 111.8727 104.6064 108.6291 106.7513 114.7930 118.0225 113.3452 
90.6986 98.1158 102.2069 106.9710 111.7282 111.2994 100.7234 98.0276 100.4373 106.8967 
95.9107 108.9982 124.9485 118.2662 130.8921 128.4212 122.2442 121.1324 150.2294 132.1654 
226.4301 274.1557 368.8673 415.4950 394.8184 334.7215 358.8482 391.2590 418.8807 430.9615 
105.4000 128.5630 144.4940 166.6622 167.1695 125.4065 138.3360 160.5038 181.0931 193.9064 
90.3840 105.6422 95.3404 114.6254 112.4867 93.7272 113.6650 105.6096 104.8967 127.6122 
Standard deviation on slope cm/km 
0.7500 
Standard deviation on height cm 
5.0000 
Standard deviation on width m 
7.0000 
