A0 [m2]
502.1925 527.1871 533.7314 551.0785 753.5557 677.1166 628.4220 
qtrue, [m2/s]
0
ntrue [-]
0.0346 0.0348 0.0350 0.0343 0.0296 0.0327 0.0341 
Qtrue [m3/s]
392.28 565.00 833.32 899.40 820.38 541.30 712.57 931.61 1000.47 950.02 
392.67 556.09 826.15 899.51 825.97 545.86 703.46 929.39 999.43 953.05 
394.12 546.52 818.35 899.56 831.33 551.52 693.90 927.05 998.33 956.01 
395.94 539.71 812.72 899.55 834.57 556.17 687.28 925.41 997.55 957.89 
401.01 525.53 798.44 899.29 841.19 568.85 671.65 920.99 995.32 962.37 
407.40 509.18 782.02 898.90 848.11 584.36 653.44 915.83 992.73 967.20 
411.15 502.01 776.34 898.67 850.10 590.71 646.62 914.06 991.84 968.60 